10,279
10,110
10,163
10,250
10,83
10,173
10,84
10,11
10,3
11,28
11,12
11,19
11,10
11,16
11,24
11,30
11,2
11,3
9,5
8,7
8,4
8,17
8,5
8,8
8,12
8,2
8,3
66,4
66,3
66,1
65,3
65,2
65,1
41,10
41,9
41,8
41,7
41,6
41,5
41,3
41,2
41,1
41,0
36,3
36,2
36,1
20,3
20,2
20,1
19,3
19,2
19,1
17,3
17,2
17,1
16,3
16,2
16,1
15,3
15,2
15,1
14,2
13,2
12,3
12,2
12,1
11,29
11,13
11,5
11,1
11,4
10,275
10,273
10,270
10,192
10,172
10,141
10,1
10,81
10,2
9,7
18,1
9,6
9,4
9,3
9,2
18,3
9,1
8,18
14,1
8,14
14,3
13,1
8,10
8,1
13,3
8,6
7,9
7,8
7,7
7,6
